[{"group_id": "strefer", "scene_id": "56", "object_id": "56!1616643304.523335680!0", "point_cloud": {"point_cloud_name": "1616643304.523335680", "bbox": [24.237954890622806, 0.8909038780685217, -1.7731092436974851, 0.4867018741470084, 0.6706036122986144, 2, 3.0975307275766317], "category": "person"}, "language": {"description": "A boy on the right side is walking alone near the building.", "token": ["A", "boy", "on", "the", "right", "side", "is", "walking", "alone", "near", "the", "building", "."], "ann_id": "0"}, "image": {"image_name": "1_1616643304.61487"}, "calibration": {"ex_matrix": [[0.00852965, -0.999945, -0.00606215, 0.0609592], [-0.0417155, 0.00570127, -0.999113, -0.144364], [0.999093, 0.00877497, -0.0416646, -0.0731114]], "in_matrix": [[683.8, 0.0, 673.5907], [0.0, 684.147, 372.8048], [0.0, 0.0, 1.0]]}}, {"group_id": "strefer", "scene_id": "56", "object_id": "56!1616643304.523335680!0", "point_cloud": {"point_cloud_name": "1616643304.523335680", "bbox": [24.237954890622806, 0.8909038780685217, -1.7731092436974851, 0.4867018741470084, 0.6706036122986144, 2, 3.0975307275766317], "category": "person"}, "language": {"description": "A boy is wearing all black with a pattern printed on it.", "token": ["A", "boy", "is", "wearing", "all", "black", "with", "a", "pattern", "printed", "on", "it", "."], "ann_id": "1"}, "image": {"image_name": "1_1616643304.61487"}, "calibration": {"ex_matrix": [[0.00852965, -0.999945, -0.00606215, 0.0609592], [-0.0417155, 0.00570127, -0.999113, -0.144364], [0.999093, 0.00877497, -0.0416646, -0.0731114]], "in_matrix": [[683.8, 0.0, 673.5907], [0.0, 684.147, 372.8048], [0.0, 0.0, 1.0]]}}, {"group_id": "strefer", "scene_id": "56", "object_id": "56!1616643304.523335680!1", "point_cloud": {"point_cloud_name": "1616643304.523335680", "bbox": [3.6960944344622098, 1.5185549155917388, -1.3065937072867728, 0.8032316635640487, 0.5487261531229657, 1.624989179174422, -2.915468032530298], "category": "person"}, "language": {"description": "The girl is wearing a black hoodie with white pattern on the chest.", "token": ["The", "girl", "is", "wearing", "a", "black", "hoodie", "with", "white", "pattern", "on", "the", "chest", "."], "ann_id": "0"}, "image": {"image_name": "1_1616643304.61487"}, "calibration": {"ex_matrix": [[0.00852965, -0.999945, -0.00606215, 0.0609592], [-0.0417155, 0.00570127, -0.999113, -0.144364], [0.999093, 0.00877497, -0.0416646, -0.0731114]], "in_matrix": [[683.8, 0.0, 673.5907], [0.0, 684.147, 372.8048], [0.0, 0.0, 1.0]]}}, {"group_id": "strefer", "scene_id": "56", "object_id": "56!1616643304.523335680!1", "point_cloud": {"point_cloud_name": "1616643304.523335680", "bbox": [3.6960944344622098, 1.5185549155917388, -1.3065937072867728, 0.8032316635640487, 0.5487261531229657, 1.624989179174422, -2.915468032530298], "category": "person"}, "language": {"description": "On the left side of a girl in light blue denim coat, a girl is walking.", "token": ["On", "the", "left", "side", "of", "a", "girl", "in", "light", "blue", "denim", "coat", ",", "a", "girl", "is", "walking", "."], "ann_id": "1"}, "image": {"image_name": "1_1616643304.61487"}, "calibration": {"ex_matrix": [[0.00852965, -0.999945, -0.00606215, 0.0609592], [-0.0417155, 0.00570127, -0.999113, -0.144364], [0.999093, 0.00877497, -0.0416646, -0.0731114]], "in_matrix": [[683.8, 0.0, 673.5907], [0.0, 684.147, 372.8048], [0.0, 0.0, 1.0]]}}, {"group_id": "strefer", "scene_id": "56", "object_id": "56!1616643304.523335680!2", "point_cloud": {"point_cloud_name": "1616643304.523335680", "bbox": [3.484993915966154, 1.9776519683486158, -1.1863482587566831, 0.568391217537599, 0.662851855594437, 1.7503273174417218, -2.90152386291291], "category": "person"}, "language": {"description": "The girl is wearing a light blue denim coat and a black dress inside.", "token": ["The", "girl", "is", "wearing", "a", "light", "blue", "denim", "coat", "and", "a", "black", "dress", "inside", "."], "ann_id": "0"}, "image": {"image_name": "1_1616643304.61487"}, "calibration": {"ex_matrix": [[0.00852965, -0.999945, -0.00606215, 0.0609592], [-0.0417155, 0.00570127, -0.999113, -0.144364], [0.999093, 0.00877497, -0.0416646, -0.0731114]], "in_matrix": [[683.8, 0.0, 673.5907], [0.0, 684.147, 372.8048], [0.0, 0.0, 1.0]]}}, {"group_id": "strefer", "scene_id": "56", "object_id": "56!1616643304.523335680!2", "point_cloud": {"point_cloud_name": "1616643304.523335680", "bbox": [3.484993915966154, 1.9776519683486158, -1.1863482587566831, 0.568391217537599, 0.662851855594437, 1.7503273174417218, -2.90152386291291], "category": "person"}, "language": {"description": "On the left side of the girl in a black hoodie, a girl in blue is walking.", "token": ["On", "the", "left", "side", "of", "the", "girl", "in", "a", "black", "hoodie", ",", "a", "girl", "in", "blue", "is", "walking", "."], "ann_id": "1"}, "image": {"image_name": "1_1616643304.61487"}, "calibration": {"ex_matrix": [[0.00852965, -0.999945, -0.00606215, 0.0609592], [-0.0417155, 0.00570127, -0.999113, -0.144364], [0.999093, 0.00877497, -0.0416646, -0.0731114]], "in_matrix": [[683.8, 0.0, 673.5907], [0.0, 684.147, 372.8048], [0.0, 0.0, 1.0]]}}, {"group_id": "strefer", "scene_id": "56", "object_id": "56!1616643304.523335680!3", "point_cloud": {"point_cloud_name": "1616643304.523335680", "bbox": [8.750478259218708, 2.5704760031973612, -1.4175160520598393, 0.4756511958792797, 0.6361140355219982, 1.7692432992421263, -2.808059937270927], "category": "person"}, "language": {"description": "The man is wearing a grey long-sleeved shirt.", "token": ["The", "man", "is", "wearing", "a", "grey", "long-sleeved", "shirt", "."], "ann_id": "0"}, "image": {"image_name": "1_1616643304.61487"}, "calibration": {"ex_matrix": [[0.00852965, -0.999945, -0.00606215, 0.0609592], [-0.0417155, 0.00570127, -0.999113, -0.144364], [0.999093, 0.00877497, -0.0416646, -0.0731114]], "in_matrix": [[683.8, 0.0, 673.5907], [0.0, 684.147, 372.8048], [0.0, 0.0, 1.0]]}}, {"group_id": "strefer", "scene_id": "56", "object_id": "56!1616643304.523335680!3", "point_cloud": {"point_cloud_name": "1616643304.523335680", "bbox": [8.750478259218708, 2.5704760031973612, -1.4175160520598393, 0.4756511958792797, 0.6361140355219982, 1.7692432992421263, -2.808059937270927], "category": "person"}, "language": {"description": "On the right side of a woman in white, a man is walking.", "token": ["On", "the", "right", "side", "of", "a", "woman", "in", "white", ",", "a", "man", "is", "walking", "."], "ann_id": "1"}, "image": {"image_name": "1_1616643304.61487"}, "calibration": {"ex_matrix": [[0.00852965, -0.999945, -0.00606215, 0.0609592], [-0.0417155, 0.00570127, -0.999113, -0.144364], [0.999093, 0.00877497, -0.0416646, -0.0731114]], "in_matrix": [[683.8, 0.0, 673.5907], [0.0, 684.147, 372.8048], [0.0, 0.0, 1.0]]}}, {"group_id": "strefer", "scene_id": "56", "object_id": "56!1616643304.523335680!4", "point_cloud": {"point_cloud_name": "1616643304.523335680", "bbox": [8.327996965704227, 3.224066009289209, -1.4456606171880573, 0.5031803409434668, 0.6470400574776253, 1.7261492832427088, -2.8055083241219823], "category": "person"}, "language": {"description": "The short-haired woman is wearing a white garment.", "token": ["The", "short-haired", "woman", "is", "wearing", "a", "white", "garment", "."], "ann_id": "0"}, "image": {"image_name": "1_1616643304.61487"}, "calibration": {"ex_matrix": [[0.00852965, -0.999945, -0.00606215, 0.0609592], [-0.0417155, 0.00570127, -0.999113, -0.144364], [0.999093, 0.00877497, -0.0416646, -0.0731114]], "in_matrix": [[683.8, 0.0, 673.5907], [0.0, 684.147, 372.8048], [0.0, 0.0, 1.0]]}}, {"group_id": "strefer", "scene_id": "56", "object_id": "56!1616643304.523335680!4", "point_cloud": {"point_cloud_name": "1616643304.523335680", "bbox": [8.327996965704227, 3.224066009289209, -1.4456606171880573, 0.5031803409434668, 0.6470400574776253, 1.7261492832427088, -2.8055083241219823], "category": "person"}, "language": {"description": "The woman is walking on the left side of a man in grey.", "token": ["The", "woman", "is", "walking", "on", "the", "left", "side", "of", "a", "man", "in", "grey", "."], "ann_id": "1"}, "image": {"image_name": "1_1616643304.61487"}, "calibration": {"ex_matrix": [[0.00852965, -0.999945, -0.00606215, 0.0609592], [-0.0417155, 0.00570127, -0.999113, -0.144364], [0.999093, 0.00877497, -0.0416646, -0.0731114]], "in_matrix": [[683.8, 0.0, 673.5907], [0.0, 684.147, 372.8048], [0.0, 0.0, 1.0]]}}, {"group_id": "strefer", "scene_id": "56", "object_id": "56!1616643308.123336704!0", "point_cloud": {"point_cloud_name": "1616643308.123336704", "bbox": [19.418510125641053, 0.3869796733935478, -1.9218981710331309, 0.5011789820401199, 0.7052827893370792, 1.6470588235294084, 3.0975307275766317], "category": "person"}, "language": {"description": "The boy in black is walking near the wall on the rightmost.", "token": ["The", "boy", "in", "black", "is", "walking", "near", "the", "wall", "on", "the", "rightmost", "."], "ann_id": "0"}, "image": {"image_name": "1_1616643308.21441"}, "calibration": {"ex_matrix": [[0.00852965, -0.999945, -0.00606215, 0.0609592], [-0.0417155, 0.00570127, -0.999113, -0.144364], [0.999093, 0.00877497, -0.0416646, -0.0731114]], "in_matrix": [[683.8, 0.0, 673.5907], [0.0, 684.147, 372.8048], [0.0, 0.0, 1.0]]}}, {"group_id": "strefer", "scene_id": "56", "object_id": "56!1616643308.123336704!1", "point_cloud": {"point_cloud_name": "1616643308.123336704", "bbox": [5.057310229548497, 0.8571159482872593, -1.3020214599555469, 0.5367660018675497, 0.698532692747466, 1.7078620734630696, -3.1362536985392166], "category": "person"}, "language": {"description": "The man is wearing a grey long-sleeved shirt and blue jeans.", "token": ["The", "man", "is", "wearing", "a", "grey", "long-sleeved", "shirt", "and", "blue", "jeans", "."], "ann_id": "0"}, "image": {"image_name": "1_1616643308.21441"}, "calibration": {"ex_matrix": [[0.00852965, -0.999945, -0.00606215, 0.0609592], [-0.0417155, 0.00570127, -0.999113, -0.144364], [0.999093, 0.00877497, -0.0416646, -0.0731114]], "in_matrix": [[683.8, 0.0, 673.5907], [0.0, 684.147, 372.8048], [0.0, 0.0, 1.0]]}}, {"group_id": "strefer", "scene_id": "56", "object_id": "56!1616643308.123336704!1", "point_cloud": {"point_cloud_name": "1616643308.123336704", "bbox": [5.057310229548497, 0.8571159482872593, -1.3020214599555469, 0.5367660018675497, 0.698532692747466, 1.7078620734630696, -3.1362536985392166], "category": "person"}, "language": {"description": "On the right side of a woman with a long-sleeved white top, a man is walking.", "token": ["On", "the", "right", "side", "of", "a", "woman", "with", "a", "long-sleeved", "white", "top", ",", "a", "man", "is", "walking", "."], "ann_id": "1"}, "image": {"image_name": "1_1616643308.21441"}, "calibration": {"ex_matrix": [[0.00852965, -0.999945, -0.00606215, 0.0609592], [-0.0417155, 0.00570127, -0.999113, -0.144364], [0.999093, 0.00877497, -0.0416646, -0.0731114]], "in_matrix": [[683.8, 0.0, 673.5907], [0.0, 684.147, 372.8048], [0.0, 0.0, 1.0]]}}, {"group_id": "strefer", "scene_id": "56", "object_id": "56!1616643308.123336704!2", "point_cloud": {"point_cloud_name": "1616643308.123336704", "bbox": [5.033747149704378, 1.5893991869917206, -1.3125355604408426, 0.6119112070517564, 0.6668117674728511, 1.6946417483326464, -3.1326063389483116], "category": "person"}, "language": {"description": "Holding something on her right hand, a woman is walking.", "token": ["Holding", "something", "on", "her", "right", "hand", ",", "a", "woman", "is", "walking", "."], "ann_id": "0"}, "image": {"image_name": "1_1616643308.21441"}, "calibration": {"ex_matrix": [[0.00852965, -0.999945, -0.00606215, 0.0609592], [-0.0417155, 0.00570127, -0.999113, -0.144364], [0.999093, 0.00877497, -0.0416646, -0.0731114]], "in_matrix": [[683.8, 0.0, 673.5907], [0.0, 684.147, 372.8048], [0.0, 0.0, 1.0]]}}, {"group_id": "strefer", "scene_id": "56", "object_id": "56!1616643318.123681280!0", "point_cloud": {"point_cloud_name": "1616643318.123681280", "bbox": [5.284159786521767, 0.0016373408715097543, -1.256311914092585, 0.9716125839475197, 0.8032877664833957, 1.796873235814505, 3.06332330493118], "category": "person"}, "language": {"description": "In the middle of the road with a backpack on his shoulder, a man is walking.", "token": ["In", "the", "middle", "of", "the", "road", "with", "a", "backpack", "on", "his", "shoulder", ",", "a", "man", "is", "walking", "."], "ann_id": "0"}, "image": {"image_name": "1_1616643318.21362"}, "calibration": {"ex_matrix": [[0.00852965, -0.999945, -0.00606215, 0.0609592], [-0.0417155, 0.00570127, -0.999113, -0.144364], [0.999093, 0.00877497, -0.0416646, -0.0731114]], "in_matrix": [[683.8, 0.0, 673.5907], [0.0, 684.147, 372.8048], [0.0, 0.0, 1.0]]}}, {"group_id": "strefer", "scene_id": "56", "object_id": "56!1616643318.123681280!0", "point_cloud": {"point_cloud_name": "1616643318.123681280", "bbox": [5.284159786521767, 0.0016373408715097543, -1.256311914092585, 0.9716125839475197, 0.8032877664833957, 1.796873235814505, 3.06332330493118], "category": "person"}, "language": {"description": "The man is wearing a black hoodie with letters on the chest and a pair of black trousers.", "token": ["The", "man", "is", "wearing", "a", "black", "hoodie", "with", "letters", "on", "the", "chest", "and", "a", "pair", "of", "black", "trousers", "."], "ann_id": "1"}, "image": {"image_name": "1_1616643318.21362"}, "calibration": {"ex_matrix": [[0.00852965, -0.999945, -0.00606215, 0.0609592], [-0.0417155, 0.00570127, -0.999113, -0.144364], [0.999093, 0.00877497, -0.0416646, -0.0731114]], "in_matrix": [[683.8, 0.0, 673.5907], [0.0, 684.147, 372.8048], [0.0, 0.0, 1.0]]}}, {"group_id": "strefer", "scene_id": "56", "object_id": "56!1616643318.123681280!1", "point_cloud": {"point_cloud_name": "1616643318.123681280", "bbox": [6.508396719169925, 1.833671039918471, -1.3305614546734053, 0.6918464926021569, 0.728725057725745, 1.7399577062881153, -2.629560862708768], "category": "person"}, "language": {"description": "Wearing a black coat and a pair of khaki trousers, a man is walking on the left.", "token": ["Wearing", "a", "black", "coat", "and", "a", "pair", "of", "khaki", "trousers", ",", "a", "man", "is", "walking", "on", "the", "left", "."], "ann_id": "0"}, "image": {"image_name": "1_1616643318.21362"}, "calibration": {"ex_matrix": [[0.00852965, -0.999945, -0.00606215, 0.0609592], [-0.0417155, 0.00570127, -0.999113, -0.144364], [0.999093, 0.00877497, -0.0416646, -0.0731114]], "in_matrix": [[683.8, 0.0, 673.5907], [0.0, 684.147, 372.8048], [0.0, 0.0, 1.0]]}}, {"group_id": "strefer", "scene_id": "56", "object_id": "56!1616643318.123681280!1", "point_cloud": {"point_cloud_name": "1616643318.123681280", "bbox": [6.508396719169925, 1.833671039918471, -1.3305614546734053, 0.6918464926021569, 0.728725057725745, 1.7399577062881153, -2.629560862708768], "category": "person"}, "language": {"description": "The man is holding a cell phone in his left hand.", "token": ["The", "man", "is", "holding", "a", "cell", "phone", "in", "his", "left", "hand", "."], "ann_id": "1"}, "image": {"image_name": "1_1616643318.21362"}, "calibration": {"ex_matrix": [[0.00852965, -0.999945, -0.00606215, 0.0609592], [-0.0417155, 0.00570127, -0.999113, -0.144364], [0.999093, 0.00877497, -0.0416646, -0.0731114]], "in_matrix": [[683.8, 0.0, 673.5907], [0.0, 684.147, 372.8048], [0.0, 0.0, 1.0]]}}, {"group_id": "strefer", "scene_id": "56", "object_id": "56!1616643318.123681280!2", "point_cloud": {"point_cloud_name": "1616643318.123681280", "bbox": [5.419209824791397, -2.105258489704017, -1.3226201750077777, 0.7631557510568077, 0.6980151226706514, 1.623726316047036, -0.06117570426390681], "category": "person"}, "language": {"description": "On the rightmost, a girl wears a pink hoodie and a pair of dark blue jeans and she is walking.", "token": ["On", "the", "rightmost", ",", "a", "girl", "wears", "a", "pink", "hoodie", "and", "a", "pair", "of", "dark", "blue", "jeans", "and", "she", "is", "walking", "."], "ann_id": "0"}, "image": {"image_name": "1_1616643318.21362"}, "calibration": {"ex_matrix": [[0.00852965, -0.999945, -0.00606215, 0.0609592], [-0.0417155, 0.00570127, -0.999113, -0.144364], [0.999093, 0.00877497, -0.0416646, -0.0731114]], "in_matrix": [[683.8, 0.0, 673.5907], [0.0, 684.147, 372.8048], [0.0, 0.0, 1.0]]}}, {"group_id": "strefer", "scene_id": "56", "object_id": "56!1616643318.123681280!2", "point_cloud": {"point_cloud_name": "1616643318.123681280", "bbox": [5.419209824791397, -2.105258489704017, -1.3226201750077777, 0.7631557510568077, 0.6980151226706514, 1.623726316047036, -0.06117570426390681], "category": "person"}, "language": {"description": "The girl with her sleeves rolled up is walking.", "token": ["The", "girl", "with", "her", "sleeves", "rolled", "up", "is", "walking", "."], "ann_id": "1"}, "image": {"image_name": "1_1616643318.21362"}, "calibration": {"ex_matrix": [[0.00852965, -0.999945, -0.00606215, 0.0609592], [-0.0417155, 0.00570127, -0.999113, -0.144364], [0.999093, 0.00877497, -0.0416646, -0.0731114]], "in_matrix": [[683.8, 0.0, 673.5907], [0.0, 684.147, 372.8048], [0.0, 0.0, 1.0]]}}, {"group_id": "strefer", "scene_id": "56", "object_id": "56!1616643318.123681280!3", "point_cloud": {"point_cloud_name": "1616643318.123681280", "bbox": [14.859555921507408, 1.5020549834240988, -1.6822415858638253, 0.7018135231999707, 0.7563926053730944, 1.71738657481134, 0.6680072883064629], "category": "person"}, "language": {"description": "The man is wearing a red long-sleeved shirt and a pair of black trousers.", "token": ["The", "man", "is", "wearing", "a", "red", "long-sleeved", "shirt", "and", "a", "pair", "of", "black", "trousers", "."], "ann_id": "0"}, "image": {"image_name": "1_1616643318.21362"}, "calibration": {"ex_matrix": [[0.00852965, -0.999945, -0.00606215, 0.0609592], [-0.0417155, 0.00570127, -0.999113, -0.144364], [0.999093, 0.00877497, -0.0416646, -0.0731114]], "in_matrix": [[683.8, 0.0, 673.5907], [0.0, 684.147, 372.8048], [0.0, 0.0, 1.0]]}}, {"group_id": "strefer", "scene_id": "56", "object_id": "56!1616643321.323987456!0", "point_cloud": {"point_cloud_name": "1616643321.323987456", "bbox": [5.579120067597039, 3.776482594748658, -1.310783323804539, 0.7468080435121341, 0.7308116573662972, 1.7407173797729218, 0.14807869341307697], "category": "person"}, "language": {"description": "The man is wearing a blue garment and a pair of black pants.", "token": ["The", "man", "is", "wearing", "a", "blue", "garment", "and", "a", "pair", "of", "black", "pants", "."], "ann_id": "0"}, "image": {"image_name": "1_1616643321.41352"}, "calibration": {"ex_matrix": [[0.00852965, -0.999945, -0.00606215, 0.0609592], [-0.0417155, 0.00570127, -0.999113, -0.144364], [0.999093, 0.00877497, -0.0416646, -0.0731114]], "in_matrix": [[683.8, 0.0, 673.5907], [0.0, 684.147, 372.8048], [0.0, 0.0, 1.0]]}}, {"group_id": "strefer", "scene_id": "56", "object_id": "56!1616643321.323987456!0", "point_cloud": {"point_cloud_name": "1616643321.323987456", "bbox": [5.579120067597039, 3.776482594748658, -1.310783323804539, 0.7468080435121341, 0.7308116573662972, 1.7407173797729218, 0.14807869341307697], "category": "person"}, "language": {"description": "On the leftmost, there is a man holding something in his right hand.", "token": ["On", "the", "leftmost", ",", "there", "is", "a", "man", "holding", "something", "in", "his", "right", "hand", "."], "ann_id": "1"}, "image": {"image_name": "1_1616643321.41352"}, "calibration": {"ex_matrix": [[0.00852965, -0.999945, -0.00606215, 0.0609592], [-0.0417155, 0.00570127, -0.999113, -0.144364], [0.999093, 0.00877497, -0.0416646, -0.0731114]], "in_matrix": [[683.8, 0.0, 673.5907], [0.0, 684.147, 372.8048], [0.0, 0.0, 1.0]]}}, {"group_id": "strefer", "scene_id": "56", "object_id": "56!1616643321.323987456!1", "point_cloud": {"point_cloud_name": "1616643321.323987456", "bbox": [2.3646068164618383, 0.16851488677832605, -1.1489734061111279, 0.6275155379076851, 0.8398599739427314, 1.6632666979985804, -3.0682699970753395], "category": "person"}, "language": {"description": "Holding a cellphone in his left hand, a man in front is walking.", "token": ["Holding", "a", "cellphone", "in", "his", "left", "hand", ",", "a", "man", "in", "front", "is", "walking", "."], "ann_id": "0"}, "image": {"image_name": "1_1616643321.41352"}, "calibration": {"ex_matrix": [[0.00852965, -0.999945, -0.00606215, 0.0609592], [-0.0417155, 0.00570127, -0.999113, -0.144364], [0.999093, 0.00877497, -0.0416646, -0.0731114]], "in_matrix": [[683.8, 0.0, 673.5907], [0.0, 684.147, 372.8048], [0.0, 0.0, 1.0]]}}, {"group_id": "strefer", "scene_id": "56", "object_id": "56!1616643321.323987456!1", "point_cloud": {"point_cloud_name": "1616643321.323987456", "bbox": [2.3646068164618383, 0.16851488677832605, -1.1489734061111279, 0.6275155379076851, 0.8398599739427314, 1.6632666979985804, -3.0682699970753395], "category": "person"}, "language": {"description": "The boy is wearing a black coat and a pair of khaki trousers.", "token": ["The", "boy", "is", "wearing", "a", "black", "coat", "and", "a", "pair", "of", "khaki", "trousers", "."], "ann_id": "1"}, "image": {"image_name": "1_1616643321.41352"}, "calibration": {"ex_matrix": [[0.00852965, -0.999945, -0.00606215, 0.0609592], [-0.0417155, 0.00570127, -0.999113, -0.144364], [0.999093, 0.00877497, -0.0416646, -0.0731114]], "in_matrix": [[683.8, 0.0, 673.5907], [0.0, 684.147, 372.8048], [0.0, 0.0, 1.0]]}}, {"group_id": "strefer", "scene_id": "56", "object_id": "56!1616643321.323987456!2", "point_cloud": {"point_cloud_name": "1616643321.323987456", "bbox": [9.849408819777324, -1.4085497748649427, -1.5409363183418345, 0.7992336251739615, 0.7267360034213647, 1.5964367981302754, -0.06117570426390681], "category": "person"}, "language": {"description": "The girl is wearing a pink top and a pair of dark blue jeans.", "token": ["The", "girl", "is", "wearing", "a", "pink", "top", "and", "a", "pair", "of", "dark", "blue", "jeans", "."], "ann_id": "0"}, "image": {"image_name": "1_1616643321.41352"}, "calibration": {"ex_matrix": [[0.00852965, -0.999945, -0.00606215, 0.0609592], [-0.0417155, 0.00570127, -0.999113, -0.144364], [0.999093, 0.00877497, -0.0416646, -0.0731114]], "in_matrix": [[683.8, 0.0, 673.5907], [0.0, 684.147, 372.8048], [0.0, 0.0, 1.0]]}}, {"group_id": "strefer", "scene_id": "56", "object_id": "56!1616643321.323987456!2", "point_cloud": {"point_cloud_name": "1616643321.323987456", "bbox": [9.849408819777324, -1.4085497748649427, -1.5409363183418345, 0.7992336251739615, 0.7267360034213647, 1.5964367981302754, -0.06117570426390681], "category": "person"}, "language": {"description": "The girl with a ponytail is walking on the right of the road.", "token": ["The", "girl", "with", "a", "ponytail", "is", "walking", "on", "the", "right", "of", "the", "road", "."], "ann_id": "1"}, "image": {"image_name": "1_1616643321.41352"}, "calibration": {"ex_matrix": [[0.00852965, -0.999945, -0.00606215, 0.0609592], [-0.0417155, 0.00570127, -0.999113, -0.144364], [0.999093, 0.00877497, -0.0416646, -0.0731114]], "in_matrix": [[683.8, 0.0, 673.5907], [0.0, 684.147, 372.8048], [0.0, 0.0, 1.0]]}}, {"group_id": "strefer", "scene_id": "56", "object_id": "56!1616643321.323987456!3", "point_cloud": {"point_cloud_name": "1616643321.323987456", "bbox": [6.212324066346502, 2.204042952695393, -1.2953755003536376, 0.5458777009142217, 0.7811653771201598, 1.774766832928226, 0.02059933086748272], "category": "person"}, "language": {"description": "The boy is wearing a white, grey and black coat and a pair of black trousers.", "token": ["The", "boy", "is", "wearing", "a", "white", ",", "grey", "and", "black", "coat", "and", "a", "pair", "of", "black", "trousers", "."], "ann_id": "0"}, "image": {"image_name": "1_1616643321.41352"}, "calibration": {"ex_matrix": [[0.00852965, -0.999945, -0.00606215, 0.0609592], [-0.0417155, 0.00570127, -0.999113, -0.144364], [0.999093, 0.00877497, -0.0416646, -0.0731114]], "in_matrix": [[683.8, 0.0, 673.5907], [0.0, 684.147, 372.8048], [0.0, 0.0, 1.0]]}}, {"group_id": "strefer", "scene_id": "56", "object_id": "56!1616643321.323987456!3", "point_cloud": {"point_cloud_name": "1616643321.323987456", "bbox": [6.212324066346502, 2.204042952695393, -1.2953755003536376, 0.5458777009142217, 0.7811653771201598, 1.774766832928226, 0.02059933086748272], "category": "person"}, "language": {"description": "The man in a white and grey and black coat is walking towards the man in red.", "token": ["The", "man", "in", "a", "white", "and", "grey", "and", "black", "coat", "is", "walking", "towards", "the", "man", "in", "red", "."], "ann_id": "1"}, "image": {"image_name": "1_1616643321.41352"}, "calibration": {"ex_matrix": [[0.00852965, -0.999945, -0.00606215, 0.0609592], [-0.0417155, 0.00570127, -0.999113, -0.144364], [0.999093, 0.00877497, -0.0416646, -0.0731114]], "in_matrix": [[683.8, 0.0, 673.5907], [0.0, 684.147, 372.8048], [0.0, 0.0, 1.0]]}}, {"group_id": "strefer", "scene_id": "56", "object_id": "56!1616643321.323987456!4", "point_cloud": {"point_cloud_name": "1616643321.323987456", "bbox": [16.94058575513059, 4.441392829593401, -1.7900273347107887, 0.7778040796075524, 0.6956001602470283, 1.7325846860928567, 1.2856740624480947], "category": "person"}, "language": {"description": "The man is wearing a red long-sleeved shirt and a pair of black trousers.", "token": ["The", "man", "is", "wearing", "a", "red", "long-sleeved", "shirt", "and", "a", "pair", "of", "black", "trousers", "."], "ann_id": "0"}, "image": {"image_name": "1_1616643321.41352"}, "calibration": {"ex_matrix": [[0.00852965, -0.999945, -0.00606215, 0.0609592], [-0.0417155, 0.00570127, -0.999113, -0.144364], [0.999093, 0.00877497, -0.0416646, -0.0731114]], "in_matrix": [[683.8, 0.0, 673.5907], [0.0, 684.147, 372.8048], [0.0, 0.0, 1.0]]}}, {"group_id": "strefer", "scene_id": "56", "object_id": "56!1616643321.323987456!4", "point_cloud": {"point_cloud_name": "1616643321.323987456", "bbox": [16.94058575513059, 4.441392829593401, -1.7900273347107887, 0.7778040796075524, 0.6956001602470283, 1.7325846860928567, 1.2856740624480947], "category": "person"}, "language": {"description": "The man in red is walking under the tree.", "token": ["The", "man", "in", "red", "is", "walking", "under", "the", "tree", "."], "ann_id": "1"}, "image": {"image_name": "1_1616643321.41352"}, "calibration": {"ex_matrix": [[0.00852965, -0.999945, -0.00606215, 0.0609592], [-0.0417155, 0.00570127, -0.999113, -0.144364], [0.999093, 0.00877497, -0.0416646, -0.0731114]], "in_matrix": [[683.8, 0.0, 673.5907], [0.0, 684.147, 372.8048], [0.0, 0.0, 1.0]]}}, {"group_id": "strefer", "scene_id": "56", "object_id": "56!1616643321.323987456!5", "point_cloud": {"point_cloud_name": "1616643321.323987456", "bbox": [17.358578932488793, 8.663147050214734, -1.75348973530068, 0.4885923594902214, 0.6721799491778407, 1.6134453781512605, -2.3078470899146843], "category": "person"}, "language": {"description": "The man in all black is walking down from the bridge.", "token": ["The", "man", "in", "all", "black", "is", "walking", "down", "from", "the", "bridge", "."], "ann_id": "0"}, "image": {"image_name": "1_1616643321.41352"}, "calibration": {"ex_matrix": [[0.00852965, -0.999945, -0.00606215, 0.0609592], [-0.0417155, 0.00570127, -0.999113, -0.144364], [0.999093, 0.00877497, -0.0416646, -0.0731114]], "in_matrix": [[683.8, 0.0, 673.5907], [0.0, 684.147, 372.8048], [0.0, 0.0, 1.0]]}}, {"group_id": "strefer", "scene_id": "61", "object_id": "61!1616643214.123169536!0", "point_cloud": {"point_cloud_name": "1616643214.123169536", "bbox": [5.05980573042497, -0.6027264660836885, -1.322864078703648, 0.7282192949162912, 0.6951476830049135, 1.637273014933295, -3.099333131420386], "category": "person"}, "language": {"description": "The woman in black wears a black cap.", "token": ["The", "woman", "in", "black", "wears", "a", "black", "cap", "."], "ann_id": "0"}, "image": {"image_name": "2_1616643214.22064"}, "calibration": {"ex_matrix": [[0.00852965, -0.999945, -0.00606215, 0.0609592], [-0.0417155, 0.00570127, -0.999113, -0.144364], [0.999093, 0.00877497, -0.0416646, -0.0731114]], "in_matrix": [[683.8, 0.0, 673.5907], [0.0, 684.147, 372.8048], [0.0, 0.0, 1.0]]}}, {"group_id": "strefer", "scene_id": "61", "object_id": "61!1616643214.123169536!1", "point_cloud": {"point_cloud_name": "1616643214.123169536", "bbox": [5.0688776594682885, -0.06707313313321216, -1.3561589759286907, 0.7647716799979829, 0.5115641040586716, 1.6373832973077658, -3.1009023986260678], "category": "person"}, "language": {"description": "The girl walking beside the girl with a black cap is holding something with her right hand.", "token": ["The", "girl", "walking", "beside", "the", "girl", "with", "a", "black", "cap", "is", "holding", "something", "with", "her", "right", "hand", "."], "ann_id": "0"}, "image": {"image_name": "2_1616643214.22064"}, "calibration": {"ex_matrix": [[0.00852965, -0.999945, -0.00606215, 0.0609592], [-0.0417155, 0.00570127, -0.999113, -0.144364], [0.999093, 0.00877497, -0.0416646, -0.0731114]], "in_matrix": [[683.8, 0.0, 673.5907], [0.0, 684.147, 372.8048], [0.0, 0.0, 1.0]]}}, {"group_id": "strefer", "scene_id": "61", "object_id": "61!1616643214.123169536!1", "point_cloud": {"point_cloud_name": "1616643214.123169536", "bbox": [5.0688776594682885, -0.06707313313321216, -1.3561589759286907, 0.7647716799979829, 0.5115641040586716, 1.6373832973077658, -3.1009023986260678], "category": "person"}, "language": {"description": "The girl is wearing a dark green sweater with long sleeves and blue jeans.", "token": ["The", "girl", "is", "wearing", "a", "dark", "green", "sweater", "with", "long", "sleeves", "and", "blue", "jeans", "."], "ann_id": "1"}, "image": {"image_name": "2_1616643214.22064"}, "calibration": {"ex_matrix": [[0.00852965, -0.999945, -0.00606215, 0.0609592], [-0.0417155, 0.00570127, -0.999113, -0.144364], [0.999093, 0.00877497, -0.0416646, -0.0731114]], "in_matrix": [[683.8, 0.0, 673.5907], [0.0, 684.147, 372.8048], [0.0, 0.0, 1.0]]}}, {"group_id": "strefer", "scene_id": "61", "object_id": "61!1616643214.123169536!3", "point_cloud": {"point_cloud_name": "1616643214.123169536", "bbox": [7.8390377041796455, 0.5986782353256308, -1.4855311047894082, 0.6963748456628747, 0.5027730959808735, 1.6590350008676216, -2.9379166518509896], "category": "person"}, "language": {"description": "The woman beside the man in black wears a black down jacket and a white turtleneck inside and is holding something with her right hand.", "token": ["The", "woman", "beside", "the", "man", "in", "black", "wears", "a", "black", "down", "jacket", "and", "a", "white", "turtleneck", "inside", "and", "is", "holding", "something", "with", "her", "right", "hand", "."], "ann_id": "0"}, "image": {"image_name": "2_1616643214.22064"}, "calibration": {"ex_matrix": [[0.00852965, -0.999945, -0.00606215, 0.0609592], [-0.0417155, 0.00570127, -0.999113, -0.144364], [0.999093, 0.00877497, -0.0416646, -0.0731114]], "in_matrix": [[683.8, 0.0, 673.5907], [0.0, 684.147, 372.8048], [0.0, 0.0, 1.0]]}}, {"group_id": "strefer", "scene_id": "61", "object_id": "61!1616643214.123169536!4", "point_cloud": {"point_cloud_name": "1616643214.123169536", "bbox": [6.9143394763859165, 0.9287237524821066, -1.4531841705029183, 0.5846241282955675, 0.612319379535249, 1.6038338658146962, -3.0917027096478433], "category": "person"}, "language": {"description": "The girl wears a pink down jacket and blue jeans.", "token": ["The", "girl", "wears", "a", "pink", "down", "jacket", "and", "blue", "jeans", "."], "ann_id": "0"}, "image": {"image_name": "2_1616643214.22064"}, "calibration": {"ex_matrix": [[0.00852965, -0.999945, -0.00606215, 0.0609592], [-0.0417155, 0.00570127, -0.999113, -0.144364], [0.999093, 0.00877497, -0.0416646, -0.0731114]], "in_matrix": [[683.8, 0.0, 673.5907], [0.0, 684.147, 372.8048], [0.0, 0.0, 1.0]]}}, {"group_id": "strefer", "scene_id": "61", "object_id": "61!1616643214.123169536!6", "point_cloud": {"point_cloud_name": "1616643214.123169536", "bbox": [10.853884871437245, 3.1744942517295662, -1.6653503582878382, 0.6270711898366603, 0.6066852698949529, 1.5800762832331705, -2.7505145306330814], "category": "person"}, "language": {"description": "The girl wears a white sweater and khaki-colored trousers.", "token": ["The", "girl", "wears", "a", "white", "sweater", "and", "khaki-colored", "trousers", "."], "ann_id": "0"}, "image": {"image_name": "2_1616643214.22064"}, "calibration": {"ex_matrix": [[0.00852965, -0.999945, -0.00606215, 0.0609592], [-0.0417155, 0.00570127, -0.999113, -0.144364], [0.999093, 0.00877497, -0.0416646, -0.0731114]], "in_matrix": [[683.8, 0.0, 673.5907], [0.0, 684.147, 372.8048], [0.0, 0.0, 1.0]]}}, {"group_id": "strefer", "scene_id": "61", "object_id": "61!1616643214.123169536!6", "point_cloud": {"point_cloud_name": "1616643214.123169536", "bbox": [10.853884871437245, 3.1744942517295662, -1.6653503582878382, 0.6270711898366603, 0.6066852698949529, 1.5800762832331705, -2.7505145306330814], "category": "person"}, "language": {"description": "The girl is walking on the left side of another girl in pink dress.", "token": ["The", "girl", "is", "walking", "on", "the", "left", "side", "of", "another", "girl", "in", "pink", "dress", "."], "ann_id": "1"}, "image": {"image_name": "2_1616643214.22064"}, "calibration": {"ex_matrix": [[0.00852965, -0.999945, -0.00606215, 0.0609592], [-0.0417155, 0.00570127, -0.999113, -0.144364], [0.999093, 0.00877497, -0.0416646, -0.0731114]], "in_matrix": [[683.8, 0.0, 673.5907], [0.0, 684.147, 372.8048], [0.0, 0.0, 1.0]]}}, {"group_id": "strefer", "scene_id": "61", "object_id": "61!1616643214.123169536!8", "point_cloud": {"point_cloud_name": "1616643214.123169536", "bbox": [11.230518246700756, 2.6138758664806883, -1.6855229715522355, 0.6114183460528714, 0.6584693947415712, 1.6421725239616611, -2.7871174418603992], "category": "person"}, "language": {"description": "The girl is wearing a pink dress with white collar on the left.", "token": ["The", "girl", "is", "wearing", "a", "pink", "dress", "with", "white", "collar", "on", "the", "left", "."], "ann_id": "0"}, "image": {"image_name": "2_1616643214.22064"}, "calibration": {"ex_matrix": [[0.00852965, -0.999945, -0.00606215, 0.0609592], [-0.0417155, 0.00570127, -0.999113, -0.144364], [0.999093, 0.00877497, -0.0416646, -0.0731114]], "in_matrix": [[683.8, 0.0, 673.5907], [0.0, 684.147, 372.8048], [0.0, 0.0, 1.0]]}}, {"group_id": "strefer", "scene_id": "61", "object_id": "61!1616643214.123169536!8", "point_cloud": {"point_cloud_name": "1616643214.123169536", "bbox": [11.230518246700756, 2.6138758664806883, -1.6855229715522355, 0.6114183460528714, 0.6584693947415712, 1.6421725239616611, -2.7871174418603992], "category": "person"}, "language": {"description": "Walking side by side with a girl wearing a white sweater, the girl walks with her head down.", "token": ["Walking", "side", "by", "side", "with", "a", "girl", "wearing", "a", "white", "sweater", ",", "the", "girl", "walks", "with", "her", "head", "down", "."], "ann_id": "1"}, "image": {"image_name": "2_1616643214.22064"}, "calibration": {"ex_matrix": [[0.00852965, -0.999945, -0.00606215, 0.0609592], [-0.0417155, 0.00570127, -0.999113, -0.144364], [0.999093, 0.00877497, -0.0416646, -0.0731114]], "in_matrix": [[683.8, 0.0, 673.5907], [0.0, 684.147, 372.8048], [0.0, 0.0, 1.0]]}}, {"group_id": "strefer", "scene_id": "61", "object_id": "61!1616643214.123169536!10", "point_cloud": {"point_cloud_name": "1616643214.123169536", "bbox": [7.327137604241758, 3.2561689208385296, -1.4488565457022733, 0.6106741341132409, 0.5323935132786292, 1.6438366432442038, -1.4072011493883043], "category": "person"}, "language": {"description": "The man on the leftmost wears a blue jacket and black trousers.", "token": ["The", "man", "on", "the", "leftmost", "wears", "a", "blue", "jacket", "and", "black", "trousers", "."], "ann_id": "0"}, "image": {"image_name": "2_1616643214.22064"}, "calibration": {"ex_matrix": [[0.00852965, -0.999945, -0.00606215, 0.0609592], [-0.0417155, 0.00570127, -0.999113, -0.144364], [0.999093, 0.00877497, -0.0416646, -0.0731114]], "in_matrix": [[683.8, 0.0, 673.5907], [0.0, 684.147, 372.8048], [0.0, 0.0, 1.0]]}}, {"group_id": "strefer", "scene_id": "61", "object_id": "61!1616643218.122642688!0", "point_cloud": {"point_cloud_name": "1616643218.122642688", "bbox": [7.917623250664835, 2.197563937145335, -1.4492443764168428, 0.7472228648619604, 0.5428972617977615, 1.6438366432442038, -1.3424821928432977], "category": "person"}, "language": {"description": "The old man on the left is in blue.", "token": ["The", "old", "man", "on", "the", "left", "is", "in", "blue", "."], "ann_id": "0"}, "image": {"image_name": "2_1616643218.22036"}, "calibration": {"ex_matrix": [[0.00852965, -0.999945, -0.00606215, 0.0609592], [-0.0417155, 0.00570127, -0.999113, -0.144364], [0.999093, 0.00877497, -0.0416646, -0.0731114]], "in_matrix": [[683.8, 0.0, 673.5907], [0.0, 684.147, 372.8048], [0.0, 0.0, 1.0]]}}, {"group_id": "strefer", "scene_id": "61", "object_id": "61!1616643218.122642688!1", "point_cloud": {"point_cloud_name": "1616643218.122642688", "bbox": [3.0458224749854272, -0.9196426058465141, -1.243047292980393, 0.718444240917132, 0.6831850774859657, 1.6730874345496978, -3.0412692673071793], "category": "person"}, "language": {"description": "The man wearing a black coat and light grey jeans is holding a card with his right hand.", "token": ["The", "man", "wearing", "a", "black", "coat", "and", "light", "grey", "jeans", "is", "holding", "a", "card", "with", "his", "right", "hand", "."], "ann_id": "0"}, "image": {"image_name": "2_1616643218.22036"}, "calibration": {"ex_matrix": [[0.00852965, -0.999945, -0.00606215, 0.0609592], [-0.0417155, 0.00570127, -0.999113, -0.144364], [0.999093, 0.00877497, -0.0416646, -0.0731114]], "in_matrix": [[683.8, 0.0, 673.5907], [0.0, 684.147, 372.8048], [0.0, 0.0, 1.0]]}}, {"group_id": "strefer", "scene_id": "61", "object_id": "61!1616643218.122642688!1", "point_cloud": {"point_cloud_name": "1616643218.122642688", "bbox": [3.0458224749854272, -0.9196426058465141, -1.243047292980393, 0.718444240917132, 0.6831850774859657, 1.6730874345496978, -3.0412692673071793], "category": "person"}, "language": {"description": "The man on the rightmost is walking on the right side of a girl wearing a black down jacket.", "token": ["The", "man", "on", "the", "rightmost", "is", "walking", "on", "the", "right", "side", "of", "a", "girl", "wearing", "a", "black", "down", "jacket", "."], "ann_id": "1"}, "image": {"image_name": "2_1616643218.22036"}, "calibration": {"ex_matrix": [[0.00852965, -0.999945, -0.00606215, 0.0609592], [-0.0417155, 0.00570127, -0.999113, -0.144364], [0.999093, 0.00877497, -0.0416646, -0.0731114]], "in_matrix": [[683.8, 0.0, 673.5907], [0.0, 684.147, 372.8048], [0.0, 0.0, 1.0]]}}, {"group_id": "strefer", "scene_id": "61", "object_id": "61!1616643218.122642688!2", "point_cloud": {"point_cloud_name": "1616643218.122642688", "bbox": [3.2598971982136633, -0.203745742936072, -1.2735138522824059, 0.5267610436572397, 0.6617860353611563, 1.6590350008676216, -3.047132083410887], "category": "person"}, "language": {"description": "The woman on the right side of the man in black is holding something with her right hand and wearing a black down coat.", "token": ["The", "woman", "on", "the", "right", "side", "of", "the", "man", "in", "black", "is", "holding", "something", "with", "her", "right", "hand", "and", "wearing", "a", "black", "down", "coat", "."], "ann_id": "0"}, "image": {"image_name": "2_1616643218.22036"}, "calibration": {"ex_matrix": [[0.00852965, -0.999945, -0.00606215, 0.0609592], [-0.0417155, 0.00570127, -0.999113, -0.144364], [0.999093, 0.00877497, -0.0416646, -0.0731114]], "in_matrix": [[683.8, 0.0, 673.5907], [0.0, 684.147, 372.8048], [0.0, 0.0, 1.0]]}}, {"group_id": "strefer", "scene_id": "61", "object_id": "61!1616643218.122642688!3", "point_cloud": {"point_cloud_name": "1616643218.122642688", "bbox": [2.485095644625